FCFS : 692   277.555556   248.579520
SSTF : 288    71.111111    75.836081
LOOK : 351    68.555556    88.701904
CLOOK: 374    71.111111    95.496655
